9
9
9
9
9
9
9
9
4
4
4
9
8
6
5
9
1
2
3
4
5
5
1
9
8
7
2
1
0
1
4
9
9
3
1
5
2
1
9
9
8
1
6
2
5
1
9
7
8
1
2
3
4
5
6
7
8
9
1
0
1
2
3
1
1
4
5
6
7
0
2
8
9
0
4
8
2
9
4
9
9
9
0
1
8
1
4
9
1
8
7
0
2
7
2
8
4
2
9
1
2
3
3
0
2
7
0
2
5
3
0
0
2
7
5
2
1
7
3
0
4
5
4
2
1
1
0
0
7
1
9
3
8
1
0
9
3
4
5
8
8
6
7
2
1
5
8
2
9
8
9
8
1
9
8
9
3
6
6
1
4
7
4
7
6
1
9
0
9
7
6
3
0
3
7
6
1
8
6
3
0
9
0
6
9
1
3
3
2
1
8
7
3
4
2
2
9
6
1
5
6
5
3
0
0
2
1
4
3
1
5
8
6
6
7
3
1
0
7
4
1
9
4
1
5
6
0
1
1
7
3
6
6
9
1
3
1
1
1
2
8
7
5
2
1
0
9
7
3
3
6
3
8
9
4
1
0
1
4
4
9
1
2
2
8
9
0
8
8
0
1
1
1
6
1
1
5
8
2
0
9
1
5
6
1
9
8
1
8
6
2
6
2
7
5
6
8
7
5
6
8
7
