7
7
7
3
3
3
3
2
4
3
7
3
8
2
5
3
1
6
2
4
5
5
1
3
5
2
2
1
3
1
9
3
7
3
1
3
2
1
7
3
5
4
6
2
5
5
3
2
8
0
2
3
4
5
8
8
8
3
1
0
8
2
3
8
1
4
5
2
3
3
2
8
3
9
4
6
3
9
9
8
8
8
5
4
8
1
4
9
1
8
7
4
2
2
2
3
4
2
8
1
2
3
3
0
2
7
0
2
5
3
9
9
2
2
5
2
1
2
3
0
4
5
4
2
1
6
0
0
2
1
9
3
8
3
0
8
3
4
5
3
6
6
2
2
5
5
8
2
8
8
9
8
1
8
8
3
3
5
6
1
4
7
4
2
6
3
3
0
3
2
6
3
0
3
2
6
1
3
6
3
0
4
0
6
8
8
3
3
2
8
3
