3
5
7
3
3
3
3
2
4
9
7
3
2
2
5
3
1
6
2
4
5
0
1
3
5
2
2
1
2
1
8
3
3
2
1
5
2
1
7
3
5
9
5
2
5
0
3
2
8
0
2
3
4
5
5
2
8
3
1
0
6
2
3
5
1
2
5
2
3
3
2
8
3
9
9
8
2
9
9
3
4
3
6
1
8
1
4
9
1
1
9
4
2
2
2
5
4
2
3
1
2
3
3
2
2
2
0
2
5
3
9
9
2
2
5
2
1
2
3
0
4
5
4
2
1
1
0
0
2
1
9
3
8
3
0
3
3
4
5
3
6
6
2
2
5
5
8
2
3
8
9
5
1
8
2
3
3
6
6
1
4
7
4
2
5
2
5
0
3
2
2
3
0
3
2
6
1
3
8
3
0
4
0
6
3
1
3
3
2
8
8
