3
1
3
3
3
3
3
7
4
9
7
3
8
2
5
3
1
2
2
4
5
0
1
3
5
2
7
1
3
1
9
3
9
3
4
5
2
1
7
3
4
4
5
2
5
5
3
2
8
0
2
3
9
5
5
8
8
9
1
0
6
2
3
8
1
9
5
2
2
5
2
8
3
9
9
8
3
9
9
9
9
9
9
3
8
3
4
9
1
1
7
4
2
2
2
3
9
2
9
1
2
3
3
0
2
4
9
2
5
3
9
9
2
7
5
2
1
2
3
9
4
5
9
2
1
1
0
0
3
1
9
3
8
3
0
9
3
4
5
3
6
6
2
2
3
5
8
2
8
8
9
8
3
9
6
3
3
5
6
1
4
7
4
2
5
3
5
0
3
2
6
3
0
3
2
6
3
3
6
3
0
9
0
6
9
3
3
3
2
8
8
7
3
4
2
2
8
6
1
5
6
5
3
0
0
2
1
4
3
3
5
8
5
5
6
3
4
0
2
6
3
4
4
3
5
6
0
3
3
2
3
6
8
5
8
3
1
3
1
2
3
2
5
2
4
0
9
3
3
3
6
9
8
4
4
1
0
8
4
4
9
3
3
2
8
5
0
8
8
0
4
9
9
6
4
9
5
8
2
0
9
3
6
5
3
9
3
3
8
6
2
6
2
3
5
6
8
2
5
5
8
2
