3
7
7
3
3
3
3
2
4
4
7
3
2
2
5
3
1
2
5
4
5
5
5
3
8
2
2
1
2
1
9
3
4
3
1
5
2
1
7
3
3
4
6
2
5
0
9
2
8
5
2
3
4
5
6
1
8
3
1
0
6
2
3
5
1
4
5
2
3
9
2
8
3
9
9
1
2
9
9
3
9
3
9
4
8
1
4
9
1
8
9
4
2
2
2
3
9
2
4
1
2
3
3
0
2
4
0
2
5
3
9
9
2
7
5
2
1
2
3
0
4
5
4
2
1
6
0
0
2
1
9
3
8
9
0
3
3
4
5
8
8
6
2
2
1
5
8
2
8
8
6
8
4
8
8
3
3
6
6
1
4
7
9
2
6
1
5
0
3
2
8
3
0
3
2
6
1
8
6
3
0
4
0
6
9
6
3
3
2
1
8
7
3
4
2
2
8
6
6
5
6
5
3
0
9
2
1
4
3
1
5
8
6
6
2
3
4
0
2
6
1
4
4
4
5
6
0
1
1
2
3
6
6
4
4
8
1
6
1
2
3
2
7
2
4
0
8
2
3
3
6
9
8
4
4
1
0
4
4
4
3
4
3
2
8
3
0
8
8
0
4
9
4
6
4
4
5
8
2
0
9
1
6
0
6
4
8
6
8
6
3
6
2
2
5
6
8
2
5
6
8
2
