3
7
3
3
3
2
3
7
4
9
7
3
2
2
5
3
1
6
2
4
5
0
1
3
8
2
2
1
2
1
8
7
3
3
1
5
2
1
7
3
5
9
5
2
5
0
9
3
8
0
2
3
4
5
8
2
8
3
9
0
0
2
3
8
1
8
5
2
2
3
2
8
3
9
9
8
3
9
9
3
9
3
8
9
8
3
4
9
9
8
9
9
2
7
2
8
9
2
3
1
2
3
3
0
2
4
0
2
5
3
9
9
2
2
5
2
1
2
3
0
4
5
4
2
1
1
0
0
2
1
8
3
8
9
0
8
3
4
5
8
8
6
2
2
3
5
8
2
3
8
9
8
3
8
6
3
3
5
6
3
4
7
4
2
8
3
8
0
3
2
8
3
0
3
2
6
1
3
8
3
0
7
0
6
9
1
3
3
2
8
8
7
3
4
2
2
3
6
1
5
6
5
3
0
0
2
1
4
3
1
5
8
5
2
2
3
4
0
2
9
3
4
4
9
5
6
0
3
1
2
3
8
2
4
3
2
1
1
1
2
8
2
7
2
4
0
7
2
3
3
6
3
1
4
2
1
0
1
4
4
9
4
3
2
8
3
0
8
8
0
4
9
9
5
4
9
5
8
2
0
9
1
6
2
9
7
3
1
8
6
2
8
2
2
5
8
8
2
5
5
1
2
