3
1
7
3
3
3
3
5
4
4
7
3
8
2
5
3
1
2
2
4
5
0
1
9
8
2
0
1
2
8
9
3
4
9
9
5
2
1
9
3
8
1
6
2
5
0
9
2
8
0
2
3
4
5
6
2
2
9
1
0
6
2
3
1
1
2
8
2
2
9
2
8
3
9
4
8
2
9
9
9
9
9
6
4
8
4
4
9
3
1
7
4
2
2
2
3
4
2
9
1
2
3
3
0
2
2
0
2
5
3
9
9
2
2
5
2
8
2
5
0
4
5
9
2
1
6
0
0
2
1
9
3
8
9
0
8
3
4
5
8
3
6
2
2
1
5
8
2
8
8
8
8
3
8
6
8
3
0
6
1
4
2
4
2
0
8
9
0
9
2
8
3
0
3
2
6
4
8
6
3
0
9
0
6
9
8
3
3
2
6
8
7
3
4
2
2
8
6
8
5
6
5
3
0
9
2
1
4
3
8
5
8
6
6
2
3
4
0
2
6
8
8
4
8
9
6
0
8
3
2
3
0
8
4
8
2
7
8
8
2
8
2
5
2
4
0
9
2
3
9
6
9
8
8
4
1
0
8
4
4
9
7
2
2
8
9
0
8
8
0
4
1
4
6
4
1
4
8
2
0
9
8
6
0
8
9
8
6
8
0
2
0
2
2
9
0
8
2
5
6
8
2
