3
3
3
3
3
3
8
3
7
7
3
3
8
8
8
3
1
8
6
7
8
3
1
8
3
8
8
1
3
1
8
3
7
8
9
3
3
1
7
3
3
1
8
8
0
3
7
8
8
8
8
3
9
3
8
8
8
3
1
8
8
8
3
8
1
8
3
3
3
3
8
8
3
4
4
8
3
4
4
4
8
4
8
1
8
1
4
4
1
8
4
4
8
8
8
8
4
8
8
1
8
8
3
8
8
4
8
8
8
3
8
4
8
4
8
8
8
8
3
8
4
3
4
8
1
8
3
3
3
1
8
8
8
8
8
8
8
4
3
8
8
8
8
8
8
3
8
8
8
8
8
8
1
3
8
8
3
8
8
1
4
3
8
8
8
8
3
8
3
8
8
3
3
3
8
8
8
3
8
3
3
8
8
8
8
8
3
8
8
8
8
7
3
4
8
8
8
8
8
3
8
3
3
3
3
8
1
4
3
1
3
8
8
8
8
3
1
3
3
8
8
4
4
8
3
8
3
8
1
8
3
8
8
8
8
8
8
8
8
8
8
8
7
8
4
3
8
8
8
8
8
3
8
8
8
8
3
8
4
4
3
8
8
8
8
8
3
8
8
8
7
8
4
8
4
8
8
8
8
3
8
1
8
3
8
4
8
8
8
8
3
8
8
3
8
8
8
8
8
8
8
3
