7
1
7
7
3
2
3
7
4
4
7
3
2
2
5
3
1
2
2
4
5
5
1
3
5
2
2
1
0
1
9
7
4
3
1
5
2
1
7
3
5
4
5
2
5
0
4
7
8
0
2
3
4
5
5
1
8
3
3
0
6
2
3
4
1
6
5
2
7
0
2
8
3
9
4
8
2
9
4
9
4
9
0
4
8
1
4
9
1
8
7
4
2
2
2
3
4
2
4
1
2
3
3
0
2
7
0
2
5
3
0
0
2
7
5
2
1
2
3
0
4
5
4
2
1
6
0
0
2
1
9
3
8
4
0
8
3
4
5
8
8
6
2
2
1
5
8
2
3
8
3
8
4
8
8
3
3
5
6
4
4
2
6
2
5
1
8
0
3
2
6
3
0
3
2
6
1
8
8
3
0
8
0
6
8
6
3
3
2
1
8
7
3
4
2
2
8
6
6
5
6
5
3
0
0
2
1
4
3
1
5
8
6
0
2
3
4
0
2
6
1
4
4
1
5
6
0
1
1
2
3
6
6
4
1
3
1
4
4
2
8
2
7
2
4
0
8
3
3
3
6
3
8
4
4
1
0
8
4
4
8
4
3
2
8
5
0
8
8
0
4
7
4
6
4
4
5
8
2
0
3
8
4
5
4
4
8
6
8
6
3
6
2
3
6
8
8
2
5
6
8
2
