7
7
7
5
3
5
3
2
7
9
7
3
2
2
5
3
1
2
2
4
5
5
1
3
5
2
2
1
2
1
4
3
4
3
1
5
2
1
9
3
5
4
6
2
5
5
4
2
8
0
2
3
4
5
5
2
8
3
1
0
6
2
3
5
1
4
5
2
7
9
2
8
5
9
4
8
2
9
9
9
9
9
0
4
8
1
4
9
1
8
7
4
2
2
2
3
9
2
9
1
2
3
3
0
2
7
0
2
5
3
0
0
2
2
5
2
1
2
3
0
4
5
9
2
1
6
0
0
2
1
9
3
8
4
0
8
3
4
5
8
2
6
2
2
1
5
8
2
8
8
9
8
1
8
2
3
3
5
6
1
4
7
4
2
6
1
9
0
3
2
6
3
0
3
2
6
1
8
6
3
0
8
0
6
9
1
3
3
2
1
8
7
3
4
2
2
8
6
1
5
6
5
3
0
0
2
1
4
3
1
5
8
6
0
2
3
4
0
2
6
1
9
4
1
5
8
0
1
1
2
3
6
8
4
4
8
1
8
1
2
8
2
5
2
4
0
9
2
3
3
6
3
8
5
4
1
0
8
4
4
9
4
2
2
8
5
0
8
8
0
4
1
4
5
4
6
5
8
2
0
9
8
6
5
1
9
8
8
8
6
3
5
2
3
6
6
8
3
5
6
8
2
