3
7
3
3
3
3
3
2
4
9
7
3
8
2
5
3
1
6
2
4
5
5
1
8
8
2
2
1
2
1
8
3
4
3
4
5
2
1
7
8
4
1
6
2
5
8
4
2
8
5
2
3
4
5
5
2
8
3
1
0
5
2
3
8
1
4
5
2
7
3
3
8
3
9
9
6
3
9
9
9
9
9
6
1
8
1
4
9
1
1
7
4
2
2
2
3
9
2
9
1
2
3
3
0
2
7
0
2
5
3
0
9
2
2
5
2
1
2
3
0
4
5
9
2
1
1
0
0
3
9
9
3
8
3
0
8
3
4
5
8
6
6
2
2
3
5
8
2
3
8
9
8
1
8
2
3
3
5
6
1
4
3
4
2
6
1
8
0
3
2
8
3
0
3
2
6
1
8
8
3
0
4
0
6
3
8
3
3
2
8
8
7
3
4
2
2
3
6
8
5
6
5
3
0
0
2
4
4
3
1
5
8
0
5
2
3
4
0
2
6
6
4
4
4
5
6
0
8
1
2
3
6
8
4
3
3
8
1
1
2
8
2
7
2
4
0
9
2
3
3
0
9
8
4
4
8
0
8
4
4
3
3
3
2
8
8
0
8
8
0
4
7
4
6
4
4
5
8
2
0
9
4
6
5
8
4
8
8
8
0
2
6
2
2
4
6
8
2
5
6
8
2
