3
7
7
5
3
5
3
0
7
4
7
3
2
2
5
3
1
2
5
4
5
0
1
3
5
2
2
1
3
1
9
3
4
3
1
5
2
1
9
3
3
1
6
2
5
0
3
2
8
0
2
3
4
5
5
2
8
3
1
0
6
2
3
8
1
4
5
2
7
9
2
8
3
9
4
9
2
9
9
8
9
8
0
1
8
1
4
9
1
8
7
4
2
2
2
3
4
2
4
1
2
3
3
0
2
4
0
2
5
3
9
9
2
2
5
2
1
2
3
0
4
5
4
2
1
6
0
0
3
1
9
3
8
4
0
8
3
4
5
8
6
6
2
2
1
5
8
2
3
8
9
3
1
8
2
3
3
5
6
1
4
7
4
2
6
3
8
0
3
2
6
3
0
3
2
6
1
8
6
3
0
4
0
6
8
1
3
3
2
3
8
7
3
4
2
2
3
6
1
5
6
5
3
0
0
2
1
4
3
1
5
8
5
0
6
3
4
0
2
6
6
9
4
1
5
6
0
1
1
2
3
6
6
4
3
3
1
1
1
2
8
2
7
2
4
0
9
2
3
3
6
3
8
4
4
1
0
8
4
4
6
4
3
2
8
5
0
8
8
0
4
9
4
6
4
4
5
8
2
0
9
1
6
5
6
4
3
6
8
6
2
6
2
3
6
6
8
2
5
0
8
2
