3
1
3
7
3
3
3
0
4
9
7
3
8
2
5
3
1
2
2
4
5
0
1
3
8
8
8
1
0
1
4
7
9
3
1
3
2
1
7
3
8
1
8
2
5
0
9
2
8
0
2
3
4
5
5
3
2
3
1
0
0
2
3
1
1
4
0
0
2
9
2
8
5
9
9
8
2
9
4
9
9
9
6
4
8
4
4
9
1
8
7
9
2
7
2
3
4
2
9
1
2
3
3
0
2
4
0
2
5
3
0
0
2
7
5
2
8
2
3
0
4
5
4
2
1
8
0
0
2
1
9
3
8
2
0
8
3
4
5
8
3
6
2
2
3
5
8
2
3
8
9
8
1
8
8
3
3
5
6
1
4
7
4
2
8
3
9
0
3
2
2
3
0
3
2
6
3
8
8
3
0
8
0
6
9
8
3
3
2
4
8
7
3
4
2
2
9
6
8
5
5
5
3
0
0
2
4
4
3
8
5
8
8
8
2
3
4
0
2
6
8
9
9
4
5
8
0
2
8
2
3
8
8
5
2
2
8
8
8
2
3
2
5
2
4
0
9
5
3
3
8
9
8
4
4
8
0
8
4
9
9
2
2
2
8
9
0
8
8
0
4
1
9
5
9
4
5
8
2
0
9
8
8
2
2
9
8
8
8
8
3
8
2
7
9
8
8
2
5
8
8
7
