3
5
7
3
3
3
3
2
4
3
7
3
3
2
5
3
1
6
2
4
5
5
1
3
3
2
2
1
3
1
8
3
3
3
1
5
2
1
7
3
5
1
2
2
5
5
3
2
2
5
2
3
4
5
5
2
8
3
1
0
5
2
3
8
1
7
5
2
3
3
2
8
3
9
4
6
3
9
9
9
4
9
6
3
8
1
4
9
1
8
9
4
2
2
2
3
4
2
3
1
2
3
3
0
2
4
0
2
5
3
9
9
2
2
5
2
1
2
3
0
4
5
9
2
1
1
0
0
3
1
9
3
8
3
0
8
3
4
5
8
6
6
2
2
5
5
8
2
8
8
6
8
1
8
8
3
3
5
6
1
4
2
0
2
8
9
3
0
3
2
2
3
0
3
2
6
1
3
8
3
0
4
0
6
9
1
3
3
2
8
8
