7
7
7
3
3
3
3
2
4
9
7
3
3
2
5
3
1
2
2
4
5
0
5
9
5
2
2
1
3
8
9
3
3
3
1
5
2
1
3
3
3
4
6
2
5
5
3
2
8
9
2
3
9
5
5
2
8
3
4
9
6
2
3
5
1
3
5
2
7
3
2
8
3
9
3
1
3
9
9
8
3
8
6
3
8
1
4
4
1
8
2
9
2
2
2
3
4
2
3
1
2
3
3
2
2
2
0
2
5
3
9
9
2
2
5
2
1
2
3
0
4
5
9
2
1
2
0
0
3
1
8
3
8
3
0
3
3
4
5
1
6
6
2
2
5
5
8
2
3
8
6
8
2
3
6
3
3
6
6
1
4
2
6
2
6
8
3
0
3
2
6
3
0
3
2
6
3
3
5
3
6
7
0
6
3
6
3
3
2
8
8
7
3
4
2
2
3
6
8
5
6
5
3
0
0
2
1
4
3
1
5
8
6
5
6
3
4
0
7
2
3
6
4
3
5
6
0
3
1
2
3
6
2
5
3
3
3
2
1
3
3
2
9
2
4
0
3
2
3
3
6
3
3
4
4
3
0
2
6
4
3
3
3
2
6
3
0
3
8
0
4
9
9
8
3
9
5
3
2
0
3
1
6
5
3
3
3
2
8
0
3
6
2
2
6
6
8
2
3
6
3
7
